排名       词条                       频次           频率
--------------------------------------------------
1        ，                    55,656    0.053047
2        、                    44,410    0.042328
3        的                    29,943    0.028540
4        工作                   14,436    0.013759
5        及                    12,518    0.011931
6        与                    11,152    0.010629
7        和                    10,837    0.010329
8        等                    10,012    0.009543
9        管理                    9,645    0.009193
10       能力                    9,593    0.009143
11       。                     9,559    0.009111
12       负责                    8,515    0.008116
13       相关                    7,764    0.007400
14       经验                    7,315    0.006972
15       ：                     7,108    0.006775
16       以上                    7,052    0.006721
17       有                     5,794    0.005522
18       客户                    5,721    0.005453
19       要求                    5,542    0.005282
20       具备                    5,315    0.005066
21       项目                    5,023    0.004788
22       专业                    4,980    0.004747
23       产品                    4,975    0.004742
24       并                     4,927    0.004696
25       公司                    4,877    0.004648
26       岗位                    4,538    0.004325
27       分析                    4,494    0.004283
28       优先                    4,421    0.004214
29       学历                    4,094    0.003902
30       完成                    4,020    0.003832
31       年                     3,927    0.003743
32       沟通                    3,892    0.003710
33       团队                    3,835    0.003655
34       ；                     3,830    0.003650
35       技术                    3,786    0.003609
36       熟悉                    3,740    0.003565
37       职责                    3,702    0.003528
38       任职                    3,640    0.003469
39       销售                    3,587    0.003419
40       设计                    3,587    0.003419
41       强                     3,512    0.003347
42       （                     3,406    0.003246
43       市场                    3,359    0.003202
44       或                     3,277    0.003123
45       良好                    3,249    0.003097
46       数据                    3,248    0.003096
47       生产                    3,244    0.003092
48       业务                    3,214    0.003063
49       进行                    3,172    0.003023
50       设备                    3,103    0.002958
51       能                     3,032    0.002890
52       ； 3、                  3,001    0.002860
53       ； 2、                  2,921    0.002784
54       对                     2,862    0.002728
55       流程                    2,787    0.002656
56       确保                    2,749    0.002620
57       ： 1、                  2,726    0.002598
58       开发                    2,688    0.002562
59       问题                    2,638    0.002514
60       行业                    2,635    0.002511
61       协调                    2,557    0.002437
62       维护                    2,555    0.002435
63       安全                    2,554    0.002434
64       具有                    2,502    0.002385
65       部门                    2,492    0.002375
66       质量                    2,480    0.002364
67       系统                    2,480    0.002364
68       ； 4、                  2,478    0.002362
69       方案                    2,427    0.002313
70       制定                    2,344    0.002234
71       组织                    2,314    0.002206
72       处理                    2,303    0.002195
73       本科                    2,295    0.002187
74       者                     2,280    0.002173
75       协助                    2,179    0.002077
76       解决                    2,124    0.002024
77       熟练                    2,116    0.002017
78       需求                    2,103    0.002004
79       优化                    2,093    0.001995
80       计划                    2,061    0.001964
81       ）                     2,010    0.001916
82       较                     1,994    0.001901
83       服务                    1,981    0.001888
84       执行                    1,957    0.001865
85       提供                    1,955    0.001863
86       培训                    1,955    0.001863
87       工程                    1,955    0.001863
88       工艺                    1,941    0.001850
89       软件                    1,940    0.001849
90       资源                    1,888    0.001800
91       提升                    1,824    0.001739
92       其他                    1,787    0.001703
93       为                     1,750    0.001668
94       使用                    1,739    0.001657
95       在                     1,729    0.001648
96       ： 1.                  1,704    0.001624
97       信息                    1,667    0.001589
98       操作                    1,655    0.001577
99       参与                    1,628    0.001552
100      ； 5、                  1,608    0.001533
101      体系                    1,605    0.001530
102      运营                    1,570    0.001496
103      及时                    1,567    0.001494
104      合作                    1,543    0.001471
105      财务                    1,524    0.001453
106      能够                    1,521    0.001450
107      ； 3.                  1,497    0.001427
108      ； 2.                  1,483    0.001413
109      如                     1,474    0.001405
110      目标                    1,459    0.001391
111      资格                    1,451    0.001383
112      根据                    1,443    0.001375
113      企业                    1,416    0.001350
114      新                     1,410    0.001344
115      ； -                   1,408    0.001342
116      活动                    1,399    0.001333
117      中                     1,399    0.001333
118      知识                    1,389    0.001324
119      成本                    1,359    0.001295
120      日常                    1,354    0.001291
121      区域                    1,328    0.001266
122      福利                    1,324    0.001262
123      标准                    1,314    0.001252
124      支持                    1,300    0.001239
125      ； 4.                  1,279    0.001219
126      责任心                   1,275    0.001215
127      了解                    1,251    0.001192
128      掌握                    1,244    0.001186
129      报告                    1,230    0.001172
130      关系                    1,221    0.001164
131      渠道                    1,219    0.001162
132      不                     1,215    0.001158
133      独立                    1,198    0.001142
134      包括                    1,195    0.001139
135      。 3.                  1,188    0.001132
136      控制                    1,183    0.001128
137      推动                    1,182    0.001127
138      建立                    1,182    0.001127
139      实施                    1,179    0.001124
140      协作                    1,177    0.001122
141      。 2.                  1,177    0.001122
142      策略                    1,171    0.001116
143      材料                    1,171    0.001116
144      开展                    1,161    0.001107
145      内容                    1,151    0.001097
146      意识                    1,149    0.001095
147      员工                    1,142    0.001088
148      学习                    1,137    0.001084
149      发展                    1,122    0.001069
150      风险                    1,113    0.001061
151      规划                    1,111    0.001059
152      定期                    1,105    0.001053
153      采购                    1,101    0.001049
154      任务                    1,099    0.001047
155      精神                    1,086    0.001035
156      情况                    1,083    0.001032
157      办公                    1,080    0.001029
158      过程                    1,080    0.001029
159      领导                    1,074    0.001024
160      测试                    1,071    0.001021
161      人员                    1,062    0.001012
162      现场                    1,044    0.000995
163      。 3、                  1,035    0.000986
164      配合                    1,006    0.000959
165      安排                    1,006    0.000959
166      编制                    1,001    0.000954
167      平台                    1,001    0.000954
168      。 2、                    996    0.000949
169      。 4.                    995    0.000948
170      收集                      992    0.000946
171      1、                      984    0.000938
172      跟踪                      973    0.000927
173      各                       964    0.000919
174      大专                      962    0.000917
175      规范                      950    0.000905
176      1.                      932    0.000888
177      研发                      930    0.000886
178      落地                      917    0.000874
179      ； 6、                    916    0.000873
180      推广                      913    0.000870
181      营销                      898    0.000856
182      招聘                      887    0.000845
183      ； 5.                    873    0.000832
184      基础                      868    0.000827
185      。 4、                    868    0.000827
186      文件                      863    0.000823
187      一                       858    0.000818
188      适应                      853    0.000813
189      建设                      851    0.000811
190      工具                      846    0.000806
191      审核                      845    0.000805
192      合同                      841    0.000802
193      一定                      832    0.000793
194      -                       832    0.000793
195      技能                      831    0.000792
196      研究                      822    0.000783
197      做好                      812    0.000774
198      记录                      797    0.000760
199      以及                      797    0.000760
200      制度                      789    0.000752
201      内                       788    0.000751
202      监督                      781    0.000744
203      对接                      779    0.000742
204      绩效                      769    0.000733
205      抗压                      765    0.000729
206      环境                      763    0.000727
207      品牌                      761    0.000725
208      各项                      760    0.000724
209      资料                      756    0.000721
210      跟进                      754    0.000719
211      有效                      750    0.000715
212      可                       746    0.000711
213      整理                      745    0.000710
214      核心                      734    0.000700
215      年度                      732    0.000698
216      评估                      732    0.000698
217      政策                      731    0.000697
218      各类                      731    0.000697
219      保障                      728    0.000694
220      全                       724    0.000690
221      物流                      721    0.000687
222      反馈                      717    0.000683
223      ），                      711    0.000678
224      落实                      702    0.000669
225      通过                      699    0.000666
226      检查                      697    0.000664
227      积极                      697    0.000664
228      表达                      693    0.000661
229      持续                      691    0.000659
230      供应商                     688    0.000656
231      优秀                      686    0.000654
232      结构                      686    0.000654
233      施工                      686    0.000654
234      上级                      684    0.000652
235      二                       682    0.000650
236      提出                      682    0.000650
237      维修                      682    0.000650
238      电气                      682    0.000650
239      自动化                     675    0.000643
240      。 5.                    672    0.000641
241      机械                      670    0.000639
242      应用                      665    0.000634
243      逻辑                      662    0.000631
244      高效                      662    0.000631
245      : 1、                    661    0.000630
246      运行                      654    0.000623
247      合规                      640    0.000610
248      指导                      638    0.000608
249      效率                      635    0.000605
250      调试                      634    0.000604
251      。 5、                    633    0.000603
252      指标                      630    0.000600
253      精通                      630    0.000600
254      内部                      628    0.000599
255      完善                      626    0.000597
256      战略                      624    0.000595
257      建议                      624    0.000595
258      策划                      622    0.000593
259      考虑                      616    0.000587
260      主导                      616    0.000587
261      改进                      606    0.000578
262      人力                      605    0.000577
263      协同                      604    0.000576
264      符合                      600    0.000572
265      ,                       600    0.000572
266      交办                      599    0.000571
267      英语                      595    0.000567
268      。 【                     593    0.000565
269      经营                      590    0.000562
270      基本                      590    0.000562
271      达成                      590    0.000562
272      金融                      588    0.000560
273      【                       585    0.000558
274      统筹                      573    0.000546
275      以                       572    0.000545
276      职位                      570    0.000543
277      动态                      568    0.000541
278      故障                      565    0.000539
279      进度                      558    0.000532
280      经理                      556    0.000530
281      下                       555    0.000529
282      出差                      554    0.000528
283      +                       553    0.000527
284      预算                      553    0.000527
285      思维                      552    0.000526
286      人才                      552    0.000526
287      推进                      548    0.000522
288      无                       547    0.000521
289      接受                      546    0.000520
290      谈判                      543    0.000518
291      异常                      540    0.000515
292      3                       535    0.000510
293      快速                      534    0.000509
294      审计                      533    0.000508
295      背景                      530    0.000505
296      监控                      529    0.000504
297      按                       524    0.000499
298      文档                      521    0.000497
299      综合                      514    0.000490
300      商务                      513    0.000489
301      物料                      513    0.000489
302      作业                      512    0.000488
303      考核                      508    0.000484
304      方法                      508    0.000484
305      搭建                      506    0.000482
306      撰写                      506    0.000482
307      管控                      503    0.000479
308      海外                      502    0.000478
309      类                       500    0.000477
310      电子                      500    0.000477
311      拓展                      499    0.000476
312      费用                      498    0.000475
313      ； 6.                    497    0.000474
314      创新                      495    0.000472
315      国家                      493    0.000470
316      语言                      492    0.000469
317      健康                      484    0.000461
318      多                       481    0.000458
319      :                       479    0.000457
320      主动                      478    0.000456
321      所                       473    0.000451
322      认真                      472    0.000450
323      条件                      470    0.000448
324      制作                      469    0.000447
325      经历                      468    0.000446
326      : 1.                    461    0.000439
327      决策                      460    0.000438
328      实现                      460    0.000438
329      职业                      459    0.000437
330      订单                      459    0.000437
331      会计                      458    0.000437
332      “                       458    0.000437
333      统计                      457    0.000436
334      验证                      456    0.000435
335      保险                      454    0.000433
336      理解                      453    0.000432
337      计算机                     453    0.000432
338      保证                      452    0.000431
339      月                       451    0.000430
340      报表                      451    0.000430
341      薪资                      451    0.000430
342      地点                      448    0.000427
343      领域                      447    0.000426
344      本                       445    0.000424
345      时间                      444    0.000423
346      ； 7、                    442    0.000421
347      跨                       440    0.000419
348      三                       439    0.000418
349      主要                      438    0.000417
350      检测                      438    0.000417
351      五险一金                    435    0.000415
352      法律                      433    0.000413
353      输出                      433    0.000413
354      集团                      432    0.000412
355      提高                      432    0.000412
356      检验                      432    0.000412
357      补贴                      431    0.000411
358      高                       429    0.000409
359      交付                      429    0.000409
360      会议                      427    0.000407
361      编写                      426    0.000406
362      至少                      426    0.000406
363      机会                      426    0.000406
364      趋势                      425    0.000405
365      2                       424    0.000404
366      机构                      424    0.000404
367      网络                      422    0.000402
368      加工                      422    0.000402
369      结果                      420    0.000400
370      】 1、                    417    0.000397
371      限                       412    0.000393
372      核算                      409    0.000390
373      调研                      408    0.000389
374      挖掘                      407    0.000388
375      执行力                     407    0.000388
376      培养                      407    0.000388
377      2、                      406    0.000387
378      准确                      405    0.000386
379      】 -                     404    0.000385
380      投资                      403    0.000384
381      善于                      402    0.000383
382      需要                      401    0.000382
383      法规                      401    0.000382
384      用户                      401    0.000382
385      改善                      400    0.000381
386      文化                      400    0.000381
387      业绩                      400    0.000381
388      开拓                      397    0.000378
389      证书                      396    0.000377
390      好                       395    0.000376
391      验收                      394    0.000376
392      咨询                      393    0.000375
393      市场营销                    393    0.000375
394      需                       392    0.000374
395      5                       391    0.000373
396      中心                      391    0.000373
397      个人                      390    0.000372
398      运用                      390    0.000372
399      大型                      390    0.000372
400      按照                      390    0.000372
401      素质                      389    0.000371
402      调整                      387    0.000369
403      保养                      386    0.000368
404      制造                      385    0.000367
405      。 6.                    382    0.000364
406      ”                       380    0.000362
407      性能                      376    0.000358
408      措施                      376    0.000358
409      机制                      375    0.000357
410      库存                      375    0.000357
411      关键                      375    0.000357
412      。 6、                    374    0.000356
413      教育                      372    0.000355
414      清晰                      370    0.000353
415      整体                      369    0.000352
416      奖金                      369    0.000352
417      图纸                      369    0.000352
418      合理                      366    0.000349
419      售后                      365    0.000348
420      3、                      365    0.000348
421      结合                      364    0.000347
422      】                       363    0.000346
423      功能                      361    0.000344
424      拥有                      361    0.000344
425      1                       357    0.000340
426      薪酬                      357    0.000340
427      识别                      355    0.000338
428      会                       351    0.000335
429      。 -                     350    0.000334
430      保持                      349    0.000333
431      人                       349    0.000333
432      带薪                      345    0.000329
433      将                       345    0.000329
434      压力                      343    0.000327
435      商业                      342    0.000326
436      安装                      342    0.000326
437      入职                      341    0.000325
438      智能                      340    0.000324
439      年龄                      339    0.000323
440      从业                      338    0.000322
441      模块                      338    0.000322
442      归档                      335    0.000319
443      长期                      334    0.000318
444      价值                      332    0.000316
445      主管                      332    0.000316
446      原理                      332    0.000316
447      持有                      329    0.000314
448      各种                      329    0.000314
449      中国                      327    0.000312
450      严谨                      325    0.000310
451      应急                      323    0.000308
452      稳定                      322    0.000307
453      整改                      321    0.000306
454      行政                      320    0.000305
455      关于                      319    0.000304
456      较强                      317    0.000302
457      全面                      316    0.000301
458      档案                      314    0.000299
459      工程师                     314    0.000299
460      门店                      314    0.000299
461      实验                      314    0.000299
462      吃苦耐劳                    312    0.000297
463      硕士                      310    0.000295
464      汽车                      310    0.000295
465      医疗                      309    0.000295
466      品质                      308    0.000294
467      方向                      308    0.000294
468      规定                      308    0.000294
469      扎实                      307    0.000293
470      车间                      307    0.000293
471      评审                      305    0.000291
472      资产                      304    0.000290
473      满意度                     303    0.000289
474      法律法规                    302    0.000288
475      化工                      302    0.000288
476      更新                      301    0.000287
477      4、                      300    0.000286
478      重点                      299    0.000285
479      单位                      299    0.000285
480      运维                      299    0.000285
481      2.                      299    0.000285
482      价格                      298    0.000284
483      深入                      297    0.000283
484      效果                      297    0.000283
485      实际                      296    0.000282
486      实践                      296    0.000282
487      供应链                     295    0.000281
488      架构                      295    0.000281
489      向                       292    0.000278
490      严格                      292    0.000278
491      工                       291    0.000277
492      国际                      290    0.000276
493      外部                      289    0.000275
494      工业                      289    0.000275
495      AI                      286    0.000273
496      您                       286    0.000273
497      终端                      285    0.000272
498      来自                      284    0.000271
499      满足                      283    0.000270
500      我们                      282    0.000269
